mA = 
    1.10    2.20    3.30    4.40    5.50
    6.60    7.70    8.80    9.90   10.10
   12.30   45.60   78.90   11.10   22.20
mB = 
    1.00    0.00    0.00    0.00    0.00
    0.00    1.00    0.00    0.00    0.00
    0.00    0.00    1.00    0.00    0.00
mC = 
    0.00    0.00    0.00
    1.00    0.00    0.00
    0.00    1.00    0.00
    0.00    0.00    1.00
    0.00    0.00    0.00
mD = mA + mB = 
    2.10    2.20    3.30    4.40    5.50
    6.60    8.70    8.80    9.90   10.10
   12.30   45.60   79.90   11.10   22.20
mE = mA - mB = 
    0.10    2.20    3.30    4.40    5.50
    6.60    6.70    8.80    9.90   10.10
   12.30   45.60   77.90   11.10   22.20
mF = mA * mB = 
    2.20    3.30    4.40
    7.70    8.80    9.90
   45.60   78.90   11.10
